lat,long
40.778744,-73.982099
40.782402,-73.98273
40.777065,-73.982217
40.809403,-73.959223
40.806876,-73.967256
40.806824,-73.961079
40.811863,-73.961116
40.810668,-73.958218
40.811472,-73.952101
40.807083,-73.949829
40.804553,-73.951664
40.817216,-73.946086
40.816612,-73.942773
40.809603,-73.939953
40.806475,-73.940188
40.81161,-73.934587
40.809596,-73.937915
40.80716,-73.933638
40.806817,-73.934399
40.79554,-73.9759
40.796653,-73.968483
40.7864,-73.976057
40.78313,-73.978371
40.784445,-73.977454
40.785781,-73.972767
40.789588,-73.9737
40.798298,-73.95248
40.802404,-73.964333
40.804229,-73.968723
40.800612,-73.960117
40.797983,-73.961996
40.792358,-73.964281
40.797149,-73.963972
40.800047,-73.95869
40.794935,-73.946453
40.798125,-73.960109
40.796761,-73.961049
40.780888,-73.956848
40.780188,-73.95943
40.780174,-73.955162
40.771819,-73.963506
40.776954,-73.957563
40.774359,-73.959614
40.773054,-73.958495
40.766085,-73.957516
40.764534,-73.961814
40.792273,-73.948441
40.786028,-73.957339
40.789159,-73.952814
40.790132,-73.953437
40.789743,-73.950276
40.782681,-73.951248
40.780739,-73.946687
40.787419,-73.94485
40.781396,-73.946185
40.785085,-73.941137
40.799017,-73.936331
40.797336,-73.940632
40.801126,-73.931702
40.802883,-73.930109
40.787875,-73.938261
40.784577,-73.941812
40.796069,-73.976677
40.770282,-73.951665
40.768376,-73.953041
40.768545,-73.949509
40.763056,-73.947895
40.799637,-73.924885
40.799952,-73.925706
40.797459,-73.919372
40.805842,-73.968129
40.778371,-73.97324
40.773539,-73.971209
40.769115,-73.972987
40.773556,-73.931392
40.763676,-73.936628
40.781351,-73.920105
40.773356,-73.930678
40.769451,-73.930203
40.771652,-73.928479
40.771741,-73.925597
40.774197,-73.921596
40.778655,-73.920117
40.773032,-73.922881
40.766748,-73.929505
40.812279,-73.928506
40.806979,-73.923306
40.803079,-73.920206
40.804785,-73.926888
40.781154,-73.98369
40.778102,-73.982124
40.776291,-73.982264
40.808002,-73.963956
40.811013,-73.963072
40.807633,-73.967014
40.804762,-73.960181
40.815121,-73.955007
40.815149,-73.958757
40.815741,-73.958277
40.815548,-73.959687
40.815539,-73.956999
40.812747,-73.949341
40.8128,-73.945613
40.810895,-73.947011
40.812963,-73.940193
40.807139,-73.941766
40.805775,-73.942793
40.813998,-73.934638
40.807099,-73.939664
40.80512,-73.93909
40.806953,-73.935568
40.808218,-73.934672
40.806479,-73.930406
40.796064,-73.975074
40.797201,-73.969953
40.788843,-73.977951
40.791489,-73.976073
40.790842,-73.974603
40.787128,-73.971828
40.786624,-73.968537
40.802964,-73.969553
40.800568,-73.96196
40.801209,-73.961523
40.799927,-73.962375
40.80445,-73.955458
40.775565,-73.97657
40.775729,-73.960646
40.774448,-73.961672
40.772516,-73.965214
40.769193,-73.961333
40.779012,-73.962383
40.773711,-73.957993
40.773472,-73.955287
40.767656,-73.959522
40.771803,-73.953433
40.765156,-73.955442
40.803075,-73.952756
40.799022,-73.952454
40.792996,-73.947895
40.801957,-73.943487
40.794839,-73.942402
40.791025,-73.949358
40.78723,-73.952153
40.784522,-73.949959
40.785244,-73.949413
40.78236,-73.948585
40.786171,-73.945724
40.784922,-73.946663
40.784298,-73.947078
40.785207,-73.943325
40.779152,-73.94492
40.784153,-73.943049
40.802215,-73.938209
40.80097,-73.939137
40.798059,-73.940108
40.797059,-73.931813
40.795345,-73.931694
40.78873,-73.937866
40.778242,-73.9485
40.770583,-73.948328
40.775775,-73.944485
40.777582,-73.943088
40.762382,-73.948418
40.798478,-73.923331
40.799308,-73.925125
40.797592,-73.919696
40.781319,-73.962847
40.790725,-73.96351
40.775899,-73.967275
40.797065,-73.958403
40.801351,-73.929989
40.795724,-73.976852
40.815964,-73.961267
40.763587,-73.949126
40.770949,-73.933685
40.771368,-73.931903
40.769063,-73.932307
40.768565,-73.93101
40.763181,-73.941049
40.782507,-73.919746
40.782651,-73.918489
40.77358,-73.924004
40.774508,-73.921182
40.808179,-73.926206
40.803879,-73.928206
40.811679,-73.930806
40.814002,-73.931756
40.779855,-73.984628
40.785571,-73.984859
40.806129,-73.965331
40.815761,-73.954505
40.815913,-73.960638
40.811761,-73.954874
40.812029,-73.95147
40.809235,-73.953003
40.807588,-73.952991
40.81027,-73.947448
40.805231,-73.947412
40.816509,-73.946567
40.806456,-73.944414
40.808979,-73.940433
40.80773,-73.941372
40.804463,-73.939571
40.810684,-73.935037
40.807617,-73.937212
40.803975,-73.931707
40.794817,-73.976294
40.798595,-73.973218
40.782002,-73.975756
40.782105,-73.971899
40.779427,-73.973776
40.79106,-73.965241
40.79306,-73.952142
40.791729,-73.953103
40.78342,-73.970917
40.783995,-73.970437
40.797358,-73.962433
40.800425,-73.958428
40.803202,-73.956375
40.766774,-73.967173
40.773708,-73.977923
40.773725,-73.962196
40.767974,-73.966278
40.777635,-73.959163
40.775049,-73.959134
40.767081,-73.95998
40.766424,-73.96046
40.768648,-73.955747
40.76578,-73.95494
40.80206,-73.949771
40.800779,-73.950667
40.798889,-73.952065
40.800051,-73.944842
40.801325,-73.941844
40.800044,-73.942805
40.797917,-73.942124
40.794247,-73.94286
40.786669,-73.956815
40.787927,-73.953731
40.785892,-73.950991
40.779221,-73.950791
40.780056,-73.944265
40.784676,-73.942028
40.802478,-73.93683
40.791922,-73.935269
40.801767,-73.931243
40.785828,-73.936384
40.800276,-73.927429
40.778377,-73.925383
40.795772,-73.97644
40.77384,-73.951905
40.771547,-73.950705
40.771947,-73.947345
40.777263,-73.946253
40.776317,-73.944048
40.797937,-73.919477
40.79969,-73.926054
40.813018,-73.963936
40.773648,-73.969172
40.814614,-73.963926
40.817651,-73.96101
40.796234,-73.976546
40.775969,-73.933868
40.766872,-73.936717
40.782142,-73.919099
40.770256,-73.929505
40.769343,-73.927388
40.77705,-73.918134
40.776149,-73.919331
40.809579,-73.928806
40.805279,-73.923206
40.787592,-73.98305
40.782524,-73.984983
40.781755,-73.981152
40.810028,-73.958742
40.816336,-73.95409
40.813412,-73.956252
40.815904,-73.952965
40.808202,-73.954548
40.806402,-73.957896
40.807826,-73.94549
40.816053,-73.943296
40.813438,-73.939323
40.808517,-73.945031
40.806449,-73.942334
40.805191,-73.945354
40.810356,-73.943655
40.810525,-73.935114
40.807593,-73.935109
40.807463,-73.932989
40.804085,-73.93093
40.795312,-73.971372
40.796632,-73.97234
40.797191,-73.971882
40.795388,-73.96953
40.794731,-73.969945
40.792743,-73.971408
40.78644,-73.978159
40.790815,-73.976532
40.7846,-73.979642
40.778852,-73.974234
40.786471,-73.972287
40.787264,-73.968036
40.789713,-73.966245
40.797924,-73.954129
40.802257,-73.970056
40.801236,-73.959659
40.800934,-73.958035
40.800507,-73.958124
40.782777,-73.955407
40.78542,-73.957732
40.775478,-73.980319
40.778259,-73.958704
40.777106,-73.963845
40.771809,-73.965694
40.767409,-73.964787
40.770481,-73.962452
40.767353,-73.962708
40.777707,-73.961242
40.775723,-73.958588
40.773751,-73.960029
40.775092,-73.956989
40.771822,-73.959455
40.76828,-73.959128
40.766709,-73.957144
40.767301,-73.956686
40.770537,-73.954307
40.767061,-73.954002
40.803995,-73.952101
40.802383,-73.952652
40.800025,-73.946966
40.802637,-73.945108
40.797488,-73.946742
40.798664,-73.943766
40.796807,-73.945077
40.781466,-73.952208
40.791619,-73.944717
40.790321,-73.9457
40.783269,-73.944723
40.778544,-73.945314
40.786117,-73.939701
40.804465,-73.935388
40.801857,-73.938438
40.795656,-73.940598
40.792272,-73.938235
40.803469,-73.933118
40.794406,-73.931569
40.776659,-73.952712
40.777973,-73.951795
40.773166,-73.952515
40.767018,-73.950753
40.773146,-73.946407
40.765537,-73.952478
40.767506,-73.944143
40.796636,-73.91929
40.80239,-73.970358
40.810845,-73.967213
40.813347,-73.964942
40.798433,-73.958699
40.775828,-73.945503
40.791431,-73.962726
40.778037,-73.966548
40.797088,-73.975957
40.801697,-73.930052
40.762781,-73.949369
40.775669,-73.932874
40.769761,-73.9341
40.768259,-73.933113
40.770945,-73.928894
40.76995,-73.926994
40.771647,-73.927006
40.770436,-73.924695
40.771241,-73.924105
40.778247,-73.916718
40.812179,-73.928406
40.811779,-73.931806
40.810479,-73.930606
40.810679,-73.930306
40.804579,-73.923706
40.785983,-73.985203
40.786059,-73.98438
40.783684,-73.981792
40.782528,-73.980888
40.785635,-73.984317
40.76389,-73.956272
40.774837,-73.980799
40.776053,-73.979839
40.811222,-73.961597
40.810631,-73.962055
40.808739,-73.957644
40.812604,-73.950968
40.811482,-73.950216
40.808411,-73.953051
40.808275,-73.956498
40.806976,-73.957394
40.807785,-73.952946
40.806797,-73.952908
40.812837,-73.941776
40.812774,-73.937723
40.802581,-73.942985
40.814178,-73.934376
40.813332,-73.937243
40.810187,-73.937435
40.811594,-73.934804
40.808882,-73.936272
40.791467,-73.974145
40.792688,-73.975113
40.799814,-73.96827
40.793954,-73.974218
40.796029,-73.969006
40.788279,-73.976611
40.779997,-73.977001
40.778715,-73.977962
40.785293,-73.969498
40.789105,-73.966704
40.80424,-73.966751
40.799791,-73.96619
40.800449,-73.965709
40.801883,-73.961107
40.802512,-73.956856
40.801887,-73.957314
40.78405,-73.956548
40.781486,-73.958469
40.778972,-73.960325
40.774859,-73.977072
40.768615,-73.965798
40.769936,-73.967069
40.771188,-73.961863
40.769183,-73.963369
40.778332,-73.960827
40.775444,-73.953867
40.771132,-73.959892
40.769611,-73.958124
40.771162,-73.95387
40.766056,-73.963625
40.76482,-73.958476
40.76933,-73.942789
40.800732,-73.946463
40.801356,-73.945983
40.79547,-73.943915
40.785915,-73.953136
40.785869,-73.948954
40.782705,-73.953306
40.77887,-73.954064
40.787758,-73.947513
40.780747,-73.944153
40.801828,-73.93937
40.8023,-73.933017
40.794463,-73.933714
40.789608,-73.937479
40.786872,-73.938808
40.775952,-73.953301
40.778564,-73.951271
40.777634,-73.949024
40.775998,-73.947235
40.77699,-73.943525
40.772714,-73.945326
40.801168,-73.929556
40.797692,-73.919955
40.797017,-73.920111
40.799029,-73.975166
40.792368,-73.962179
40.782871,-73.969273
40.774538,-73.974453
40.769525,-73.972595
40.778405,-73.933291
40.77246,-73.933586
40.768858,-73.934799
40.767661,-73.931622
40.764673,-73.939026
40.762582,-73.939233
40.766185,-73.938129
40.765365,-73.934538
40.782049,-73.916001
40.780442,-73.918004
40.779146,-73.919507
40.810279,-73.929706
40.806979,-73.929606
40.810179,-73.927206
40.804779,-73.922206
40.805179,-73.920906
40.799932,-73.918124
40.785595,-73.982085
40.785851,-73.984879
40.779517,-73.981792
40.762691,-73.95721
40.778578,-73.98171
40.808433,-73.964928
40.81082,-73.964438
40.806167,-73.961603
40.813835,-73.959676
40.813566,-73.953087
40.813404,-73.948861
40.813441,-73.945154
40.809716,-73.944157
40.804668,-73.932179
40.803939,-73.930775
40.792075,-73.973665
40.800986,-73.969131
40.797918,-73.967587
40.793352,-73.976605
40.793373,-73.972769
40.797848,-73.971402
40.791548,-73.968554
40.78244,-73.978917
40.781328,-73.976128
40.785069,-73.976996
40.789609,-73.969973
40.787922,-73.96762
40.795031,-73.950744
40.793684,-73.95177
40.804722,-73.968092
40.799221,-73.962877
40.799347,-73.961013
40.804391,-73.957387
40.803744,-73.95596
40.799509,-73.955312
40.796153,-73.961529
40.775726,-73.964871
40.773764,-73.964253
40.769361,-73.967505
40.766729,-73.963166
40.771501,-73.956749
40.765832,-73.960918
40.794991,-73.948555
40.79611,-73.943478
40.792309,-73.944237
40.791048,-73.951438
40.787173,-73.95003
40.783575,-73.947646
40.789654,-73.948196
40.802468,-73.938824
40.801236,-73.939764
40.799981,-73.938709
40.803759,-73.935891
40.800572,-73.93825
40.791949,-73.935485
40.795137,-73.933277
40.794453,-73.930724
40.796109,-73.976645
40.772206,-73.945979
40.768984,-73.952604
40.767346,-73.950469
40.776091,-73.945264
40.76892,-73.943094
40.801036,-73.929492
40.798968,-73.918742
40.793026,-73.923235
40.812317,-73.964105
40.771467,-73.97735
40.803944,-73.932162
40.801581,-73.929857
40.801103,-73.92999
40.802685,-73.930111
40.795675,-73.977091
40.76339,-73.949214
40.776269,-73.934776
40.774155,-73.933078
40.767263,-73.935523
40.771863,-73.932505
40.76705,-73.940637
40.766382,-73.937933
40.767169,-73.932123
40.773637,-73.926235
40.768439,-73.928108
40.771149,-73.92599
40.777844,-73.919125
40.776269,-73.920911
40.775253,-73.922174
40.809879,-73.928306
40.807979,-73.931706
40.808379,-73.930806
40.810879,-73.926706
40.809179,-73.928206
40.807979,-73.926606
40.805979,-73.921006
40.805479,-73.925606
40.801379,-73.917306
40.810879,-73.930406
40.800377,-73.917872
40.786894,-73.981385
40.788315,-73.982786
40.784364,-73.983456
40.781015,-73.981351
40.763739,-73.953555
40.805554,-73.96579
40.805559,-73.96204
40.805461,-73.967719
40.81259,-73.956842
40.8122,-73.963434
40.810147,-73.9551
40.814118,-73.955685
40.80943,-73.957337
40.806346,-73.955924
40.808886,-73.952181
40.815244,-73.947506
40.812159,-73.946028
40.81709,-73.948016
40.815913,-73.939607
40.80581,-73.938609
40.806993,-73.937649
40.806312,-73.936071
40.805704,-73.936508
40.799153,-73.972586
40.793329,-73.974677
40.793536,-73.967113
40.792086,-73.97191
40.78892,-73.976044
40.79122,-73.979477
40.78898,-73.974137
40.783837,-73.977891
40.781208,-73.979791
40.78394,-73.974142
40.796329,-73.949761
40.794374,-73.951159
40.792419,-73.9526
40.803572,-73.969138
40.801188,-73.965185
40.797305,-73.96629
40.800035,-73.954898
40.783468,-73.954992
40.784075,-73.95449
40.781625,-73.960548
40.778933,-73.958289
40.77502,-73.965438
40.776327,-73.962246
40.771161,-73.963965
40.767383,-73.966758
40.771225,-73.968253
40.769864,-73.964925
40.773196,-73.966856
40.772443,-73.963048
40.769873,-73.962889
40.767961,-73.962249
40.776363,-73.958086
40.776257,-73.955942
40.77086,-73.957164
40.771677,-73.940544
40.770407,-73.944798
40.80426,-73.952793
40.796831,-73.947201
40.791649,-73.948943
40.78208,-73.953764
40.779494,-73.953584
40.779842,-73.944461
40.800645,-73.940179
40.79536,-73.935919
40.792896,-73.937754
40.79168,-73.93865
40.802812,-73.933621
40.804126,-73.932616
40.80107,-73.929839
40.795777,-73.932775
40.796418,-73.932294
40.785673,-73.939877
40.771025,-73.947264
40.773584,-73.949285
40.77084,-73.951207
40.769634,-73.950153
40.775183,-73.944965
40.764799,-73.952636
40.799102,-73.922937
40.796686,-73.919442
40.801076,-73.971319
40.764735,-73.947733
40.791622,-73.964294
40.788645,-73.95714
40.779843,-73.970858
40.773116,-73.972662
40.782953,-73.943996
40.801861,-73.930072
40.77477,-73.934785
40.774372,-73.933878
40.772961,-73.935381
40.768491,-73.938224
40.77176,-73.931099
40.76527,-73.935622
40.773055,-73.929488
40.78394,-73.915296
40.771418,-73.928617
40.772553,-73.927
40.769336,-73.925612
40.776542,-73.918722
40.773684,-73.920927
40.773192,-73.921559
40.779238,-73.917405
40.813779,-73.931106
40.807579,-73.929206
40.803779,-73.921906
40.811543,-73.93113
40.804475,-73.927359
40.787668,-73.981294
40.786186,-73.98154
40.783383,-73.98565
40.800943,-73.970995
40.779959,-73.980771
40.764515,-73.955814
40.817651,-73.95315
40.808155,-73.960162
40.804088,-73.960423
40.814233,-73.960648
40.815212,-73.957846
40.810112,-73.95714
40.785933,-73.984553
40.806143,-73.959458
40.815114,-73.952991
40.816433,-73.948366
40.80886,-73.954089
40.80702,-73.955465
40.807605,-73.953121
40.807063,-73.953557
40.806512,-73.946473
40.804015,-73.948286
40.814065,-73.944695
40.810884,-73.939035
40.803311,-73.944628
40.799678,-73.971998
40.798499,-73.969036
40.795318,-73.973279
40.796593,-73.970433
40.785672,-73.98033
40.787672,-73.977134
40.791761,-73.978867
40.780638,-73.976565
40.79087,-73.972805
40.790891,-73.969056
40.79669,-73.94952
40.80178,-73.964749
40.794828,-73.96431
40.794247,-73.962905
40.800854,-73.958664
40.804806,-73.958403
40.80375,-73.957802
40.801247,-73.957795
40.78216,-73.957989
40.778827,-73.956188
40.777554,-73.97513
40.774372,-73.963773
40.76872,-73.967942
40.76871,-73.970065
40.768135,-73.970501
40.769992,-73.969148
40.769272,-73.965361
40.772523,-73.967315
40.777043,-73.959599
40.76985,-73.960809
40.76548,-73.964083
40.765461,-73.958018
40.803288,-73.952538
40.802598,-73.953106
40.800735,-73.952575
40.797134,-73.949106
40.793627,-73.949538
40.795463,-73.941986
40.786638,-73.952568
40.788551,-73.953294
40.788624,-73.955352
40.783322,-73.950789
40.781111,-73.949459
40.781702,-73.949043
40.778916,-73.948041
40.791543,-73.946798
40.78806,-73.944392
40.79197,-73.94153
40.787738,-73.941555
40.802525,-73.94097
40.803733,-73.937885
40.801611,-73.938634
40.799625,-73.935937
40.794527,-73.937874
40.802095,-73.931003
40.798645,-73.933516
40.791023,-73.939109
40.774448,-73.951512
40.775022,-73.950967
40.775391,-73.947845
40.770451,-73.948025
40.764534,-73.946695
40.762417,-73.944065
40.801448,-73.929685
40.793419,-73.961328
40.774173,-73.973805
40.77709,-73.974179
40.773908,-73.973308
40.776568,-73.935728
40.772061,-73.932289
40.764374,-73.938227
40.766561,-73.932517
40.775504,-73.92813
40.77387,-73.926927
40.772253,-73.930793
40.771558,-73.929801
40.773344,-73.927277
40.769944,-73.92511
40.775017,-73.920551
40.779549,-73.916818
40.806279,-73.927806
40.785004,-73.98276
40.785845,-73.983124
40.784358,-73.98129
40.780258,-73.981528
40.764299,-73.95523
40.816164,-73.9575
40.808082,-73.957995
40.817206,-73.948145
40.814513,-73.955444
40.812743,-73.953178
40.813179,-73.950423
40.809523,-73.955559
40.805646,-73.958377
40.805748,-73.954475
40.808295,-73.952618
40.808332,-73.948868
40.803862,-73.942089
40.814114,-73.934919
40.803118,-73.930103
40.793007,-73.97691
40.786313,-73.979828
40.786975,-73.975577
40.78391,-73.980166
40.782795,-73.971375
40.787769,-73.971326
40.8024,-73.968126
40.799374,-73.959149
40.782137,-73.955887
40.779597,-73.959823
40.767511,-73.970981
40.769368,-73.969607
40.771812,-73.961491
40.770108,-73.943955
40.767843,-73.946481
40.76469,-73.94912
40.799928,-73.952493
40.799295,-73.94541
40.790414,-73.954042
40.785185,-73.951515
40.784594,-73.951952
40.780792,-73.952667
40.779846,-73.950376
40.789627,-73.94007
40.783677,-73.943659
40.782896,-73.943831
40.803198,-73.94051
40.801196,-73.937748
40.798344,-73.936855
40.791841,-73.937349
40.794224,-73.93118
40.796803,-73.929236
40.779676,-73.944007
40.775729,-73.950594
40.776688,-73.946733
40.772927,-73.949722
40.77222,-73.950225
40.765392,-73.952105
40.765442,-73.952256
40.765259,-73.951759
40.801251,-73.929773
40.813462,-73.965211
40.76557,-73.936422
40.78095,-73.917308
40.772652,-73.931895
40.772257,-73.927197
40.770541,-73.926384
40.775777,-73.921499
40.811979,-73.931606
40.812579,-73.928906
40.809379,-73.930406
40.808779,-73.929706
40.79908,-73.918606
40.800362,-73.969611
40.779252,-73.981208
40.761189,-73.956093
40.804848,-73.966292
40.816365,-73.957861
40.810755,-73.954555
40.810406,-73.95369
40.805705,-73.956317
40.805031,-73.956863
40.805068,-73.952853
40.810217,-73.951177
40.806426,-73.950266
40.81462,-73.947965
40.811585,-73.946509
40.814085,-73.940901
40.804437,-73.941652
40.808971,-73.938331
40.807674,-73.939292
40.810863,-73.934769
40.807622,-73.93399
40.809585,-73.934794
40.805664,-73.934471
40.806022,-73.931677
40.794611,-73.97376
40.794279,-73.972981
40.792683,-73.97325
40.797888,-73.973525
40.792172,-73.968052
40.785208,-73.979227
40.787031,-73.977679
40.790169,-73.975105
40.788356,-73.974617
40.779356,-73.977483
40.783349,-73.974514
40.778244,-73.974671
40.789083,-73.970257
40.788377,-73.970846
40.79858,-73.963336
40.800021,-73.960597
40.796734,-73.962934
40.796093,-73.96335
40.801333,-73.954023
40.795542,-73.945995
40.797418,-73.960612
40.776334,-73.964391
40.775072,-73.96117
40.773124,-73.964755
40.768,-73.964285
40.773028,-73.960596
40.777595,-73.957061
40.768906,-73.944222
40.772373,-73.941667
40.763772,-73.950251
40.798185,-73.948342
40.797545,-73.948887
40.798657,-73.941621
40.790335,-73.949817
40.787781,-73.949572
40.78397,-73.952367
40.782967,-73.948083
40.788362,-73.941031
40.783926,-73.944264
40.803092,-73.938409
40.798699,-73.939605
40.800732,-73.932008
40.797378,-73.929103
40.796969,-73.929625
40.793913,-73.931767
40.796013,-73.929414
40.770384,-73.947874
40.776994,-73.949461
40.774477,-73.945511
40.764156,-73.947065
40.797881,-73.922035
40.799607,-73.92586
40.7976,-73.921798
40.806976,-73.967537
40.78438,-73.96738
40.780012,-73.971152
40.772691,-73.96844
40.791216,-73.964173
40.802842,-73.932775
40.80053,-73.930817
40.764111,-73.948192
40.80112,-73.930098
40.801632,-73.930355
40.773376,-73.93657
40.767165,-73.935806
40.765869,-73.93733
40.766178,-73.936006
40.763975,-73.937319
40.782837,-73.915303
40.777572,-73.92125
40.811779,-73.932106
40.806879,-73.930006
40.808979,-73.928506
40.807479,-73.925606
40.805879,-73.921706
40.789248,-73.980961
40.788474,-73.98116
40.785798,-73.983904
40.763316,-73.956774
40.811411,-73.964023
40.806119,-73.967455
40.80431,-73.962914
40.814201,-73.950829
40.812086,-73.95355
40.813706,-73.955363
40.813545,-73.951331
40.812123,-73.949822
40.808833,-73.956083
40.807634,-73.956957
40.804639,-73.947828
40.81205,-73.947763
40.81533,-73.943799
40.812229,-73.942213
40.814792,-73.94042
40.812647,-73.939328
40.814071,-73.936718
40.812093,-73.936036
40.808291,-73.936709
40.803195,-73.930021
40.79208,-73.975572
40.800522,-73.968028
40.79396,-73.97632
40.794654,-73.971809
40.787616,-73.975119
40.781848,-73.979332
40.784548,-73.973662
40.790233,-73.969449
40.790353,-73.965787
40.803582,-73.967209
40.794905,-73.962403
40.803982,-73.958321
40.801844,-73.9592
40.783514,-73.959086
40.801941,-73.953586
40.795545,-73.961966
40.766117,-73.96761
40.780294,-73.961466
40.779524,-73.957744
40.777269,-73.978944
40.778074,-73.978442
40.773101,-73.962632
40.770585,-73.96869
40.7718,-73.967817
40.768641,-73.963827
40.77632,-73.960101
40.774352,-73.957535
40.772397,-73.958975
40.768921,-73.95867
40.769256,-73.955202
40.766111,-73.96566
40.764196,-73.958956
40.772619,-73.94147
40.801559,-73.952592
40.802013,-73.945567
40.796223,-73.947703
40.796887,-73.949281
40.793637,-73.947436
40.788405,-73.949135
40.784667,-73.954075
40.782057,-73.95175
40.780454,-73.949896
40.790656,-73.942491
40.78897,-73.940638
40.801917,-73.941385
40.794785,-73.936399
40.801994,-73.930288
40.803891,-73.930856
40.799536,-73.929046
40.777254,-73.943071
40.774109,-73.948827
40.771241,-73.947826
40.769725,-73.948507
40.76889,-73.949204
40.799735,-73.924819
40.796841,-73.975828
40.797259,-73.957167
40.768849,-73.972122
40.769664,-73.974652
40.77002,-73.974114
40.775891,-73.97542
40.773627,-73.936433
40.767257,-73.933921
40.766967,-73.935612
40.766469,-73.934618
40.773489,-73.926388
40.768745,-73.926113
40.776129,-73.9231
40.773984,-73.921835
40.779753,-73.91881
40.778942,-73.91771
40.807279,-73.924006
40.806679,-73.924606
40.785518,-73.984871
40.781817,-73.985355
40.785048,-73.980788
40.78055,-73.98027
40.808848,-73.965967
40.817286,-73.952307
40.817887,-73.94981
40.811429,-73.954096
40.812985,-73.951724
40.813819,-73.949855
40.810814,-73.952604
40.805838,-73.946889
40.807137,-73.946036
40.813494,-73.941317
40.812846,-73.939738
40.803975,-73.946206
40.805073,-73.934886
40.80672,-73.934941
40.803031,-73.930195
40.80423,-73.930984
40.801551,-73.97058
40.793997,-73.972333
40.797147,-73.973746
40.788203,-73.978431
40.790562,-73.979935
40.786921,-73.979435
40.790191,-73.97699
40.790278,-73.973263
40.78848,-73.967119
40.803702,-73.963351
40.797906,-73.963838
40.795469,-73.963852
40.782784,-73.95753
40.776288,-73.97609
40.77705,-73.961766
40.777588,-73.955025
40.772158,-73.95629
40.767718,-73.953478
40.760913,-73.952325
40.803325,-73.948767
40.792329,-73.950477
40.801333,-73.943946
40.800668,-73.942324
40.799403,-73.943242
40.794343,-73.946934
40.788495,-73.951214
40.783345,-73.952804
40.78903,-73.948698
40.80025,-73.935478
40.796707,-73.934893
40.793839,-73.934216
40.802073,-73.934145
40.786017,-73.939554
40.774849,-73.948303
40.772588,-73.946886
40.773355,-73.944694
40.796327,-73.920614
40.813047,-73.965529
40.794277,-73.959231
40.764422,-73.947843
40.794005,-73.959374
40.772453,-73.976652
40.803462,-73.93106
40.80145,-73.930226
40.785644,-73.935955
40.775993,-73.926546
40.775254,-73.931966
40.769967,-73.931695
40.783241,-73.917705
40.780631,-73.91562
40.785634,-73.914483
40.77247,-73.927751
40.774744,-73.922741
40.776473,-73.922578
40.776981,-73.921969
40.777352,-73.919627
40.773503,-73.921124
40.777641,-73.917523
40.810579,-73.929606
40.809479,-73.928906
40.806579,-73.930106
40.811179,-73.928506
40.806479,-73.924006
40.80415,-73.927732
40.804479,-73.921406
40.801779,-73.917306
40.789889,-73.980589
40.783806,-73.984001
40.783043,-73.982228
40.784761,-73.983931
40.777905,-73.982299
40.776677,-73.979424
40.80829,-73.966577
40.804934,-73.962455
40.805486,-73.959873
40.81266,-73.963084
40.811276,-73.957825
40.8095,-73.953608
40.809928,-73.953346
40.809712,-73.947885
40.805851,-73.950725
40.80521,-73.951162
40.805848,-73.944808
40.811038,-73.934504
40.813915,-73.9344
40.806418,-73.938129
40.805129,-73.936901
40.798456,-73.970965
40.797859,-73.969495
40.795985,-73.97087
40.792829,-73.967572
40.785815,-73.978704
40.789534,-73.977427
40.79151,-73.972324
40.785983,-73.969018
40.791684,-73.964804
40.796123,-73.955612
40.784188,-73.958627
40.794829,-73.944352
40.782873,-73.959588
40.766847,-73.969382
40.784706,-73.956046
40.781562,-73.956367
40.773771,-73.966398
40.76803,-73.968487
40.770544,-73.966654
40.768536,-73.96177
40.778203,-73.956581
40.776948,-73.955483
40.766388,-73.954482
40.764856,-73.964563
40.763571,-73.959458
40.764308,-73.953064
40.769338,-73.945324
40.772868,-73.941989
40.792921,-73.950084
40.79164,-73.951023
40.800659,-73.944405
40.79615,-73.94558
40.794317,-73.949057
40.792939,-73.945707
40.792982,-73.943799
40.785291,-73.953573
40.790374,-73.951919
40.789119,-73.950734
40.780164,-73.947081
40.790929,-73.945263
40.789696,-73.946137
40.788717,-73.943911
40.787081,-73.942035
40.782297,-73.944533
40.793252,-73.940656
40.801619,-73.931352
40.795953,-73.931235
40.791913,-73.935244
40.790418,-73.939584
40.784761,-73.94143
40.779032,-73.943534
40.780466,-73.927213
40.772476,-73.952996
40.767904,-73.949968
40.76623,-73.951363
40.81376,-73.964611
40.800873,-73.92997
40.76186,-73.949807
40.774872,-73.935781
40.762783,-73.940142
40.765757,-73.933323
40.766157,-73.930028
40.772756,-73.92858
40.774136,-73.927662
40.775628,-73.92592
40.775297,-73.925315
40.774492,-73.925753
40.773157,-73.930289
40.77156,-73.930385
40.770831,-73.924389
40.808479,-73.928906
40.810479,-73.927606
40.806079,-73.925106
40.805479,-73.921706
40.790831,-73.981502
40.765229,-73.973355
40.783199,-73.984654
40.800302,-73.971497
40.781778,-73.983232
40.783186,-73.980603
40.816996,-73.959397
40.807411,-73.964392
40.815818,-73.956672
40.812438,-73.960658
40.80766,-73.955006
40.806389,-73.954038
40.805908,-73.952914
40.810874,-73.950718
40.809005,-73.948366
40.811638,-73.942715
40.808338,-73.940892
40.805127,-73.941193
40.808331,-73.938833
40.804488,-73.93231
40.799097,-73.970506
40.793639,-73.973505
40.787562,-73.978933
40.78571,-73.976516
40.797003,-73.94954
40.801677,-73.96865
40.801361,-73.967915
40.799118,-73.966649
40.798494,-73.967194
40.798782,-73.959607
40.803142,-73.958261
40.800692,-73.954482
40.794237,-73.944832
40.782233,-73.96009
40.780852,-73.961029
40.78028,-73.957306
40.7743,-73.977465
40.775095,-73.963271
40.766752,-73.965224
40.774819,-73.954326
40.774162,-73.954849
40.772765,-73.955789
40.770235,-73.957644
40.769864,-73.954744
40.765503,-73.966119
40.764883,-73.952758
40.771736,-73.943404
40.793564,-73.94527
40.792249,-73.946231
40.787236,-73.954212
40.787903,-73.951716
40.786526,-73.948474
40.790328,-73.947715
40.788333,-73.947098
40.789966,-73.942994
40.78644,-73.942516
40.780666,-73.944413
40.782756,-73.944119
40.803823,-73.940073
40.79933,-73.941118
40.799955,-73.940681
40.801837,-73.93729
40.801515,-73.934561
40.796406,-73.938318
40.79708,-73.937838
40.793553,-73.937295
40.796083,-73.935417
40.797988,-73.933931
40.800049,-73.92978
40.797683,-73.931376
40.790521,-73.936641
40.771665,-73.946675
40.769608,-73.952081
40.770226,-73.949673
40.799253,-73.957611
40.78883,-73.956762
40.773823,-73.972485
40.816165,-73.962068
40.804104,-73.930882
40.774333,-73.927574
40.767971,-73.935519
40.765763,-73.935121
40.765451,-73.930639
40.781442,-73.916698
40.780139,-73.916208
40.772256,-73.927002
40.77427,-73.923545
40.775073,-73.922392
40.778336,-73.918429
40.775525,-73.919898
40.772644,-73.92479
40.773297,-73.923378
40.771441,-73.924797
40.77364,-73.922357
40.780054,-73.918412
40.811279,-73.931406
40.810279,-73.930806
40.807679,-73.926806
40.805279,-73.925906
40.804179,-73.922706
40.784255,-73.915879
40.780496,-73.984148
40.777756,-73.98204
40.806754,-73.964894
40.808795,-73.95966
40.814291,-73.953061
40.815709,-73.948696
40.810124,-73.953128
40.809527,-73.951744
40.807691,-73.949327
40.81103,-73.943217
40.81026,-73.939472
40.804567,-73.945791
40.805752,-73.94069
40.804423,-73.937426
40.808481,-73.934497
40.799091,-73.968599
40.79276,-73.977128
40.796523,-73.974269
40.794074,-73.970425
40.782708,-73.975124
40.785173,-73.973225
40.784685,-73.969956
40.795705,-73.950241
40.792047,-73.954748
40.793958,-73.954975
40.803028,-73.963853
40.802283,-73.967845
40.798706,-73.961515
40.783474,-73.957028
40.779587,-73.961946
40.780832,-73.95466
40.776947,-73.975588
40.77567,-73.962683
40.774494,-73.965939
40.770488,-73.964467
40.771168,-73.966152
40.777747,-73.963343
40.770524,-73.960351
40.77032,-73.943477
40.801386,-73.95023
40.800138,-73.951148
40.796738,-73.94887
40.785972,-73.955194
40.78795,-73.955854
40.791154,-73.953496
40.786566,-73.950554
40.787117,-73.948037
40.77949,-73.94754
40.786795,-73.945266
40.78905,-73.944776
40.792627,-73.941071
40.782596,-73.94529
40.782004,-73.945748
40.785799,-73.94291
40.783036,-73.944161
40.799323,-73.939125
40.797703,-73.937336
40.793167,-73.933202
40.792563,-73.936824
40.801796,-73.930333
40.801053,-73.929709
40.766755,-73.951122
40.766099,-73.951668
40.764298,-73.946405
40.791615,-73.924457
40.766672,-73.945881
40.787804,-73.966819
40.813496,-73.964823
40.801795,-73.929921
40.801384,-73.930075
40.774753,-73.92989
40.770853,-73.930888
40.766284,-73.938323
40.764989,-73.939934
40.774716,-73.928568
40.777963,-73.924822
40.776208,-73.926761
40.767651,-73.928806
40.776843,-73.920236
40.812579,-73.931706
40.810579,-73.930506
40.809579,-73.927706
40.809479,-73.925506
40.806879,-73.924206
40.803679,-73.919706
40.813879,-73.931306
40.783763,-73.916402
40.799721,-73.970069
40.785536,-73.984079
40.78506,-73.984386
40.810389,-73.963509
40.812245,-73.96209
40.813597,-73.962385
40.811133,-73.954314
40.807457,-73.958388
40.812345,-73.952183
40.805124,-73.954955
40.815885,-73.947047
40.813979,-73.948445
40.814673,-73.944258
40.815449,-73.93994
40.809124,-73.94455
40.803189,-73.942569
40.814161,-73.938994
40.814696,-73.936281
40.809523,-73.935813
40.80602,-73.932583
40.797278,-73.968046
40.795926,-73.972799
40.793433,-73.970906
40.795442,-73.965715
40.789528,-73.975564
40.792203,-73.977846
40.803024,-73.967667
40.802518,-73.958698
40.800704,-73.95821
40.800588,-73.957885
40.767472,-73.968924
40.784796,-73.958212
40.780928,-73.958906
40.779517,-73.955642
40.781407,-73.954245
40.773018,-73.978447
40.77247,-73.961011
40.778388,-73.962863
40.778213,-73.954588
40.775782,-73.956487
40.767991,-73.956162
40.765142,-73.961377
40.76391,-73.962294
40.802734,-73.949247
40.799546,-73.951585
40.795566,-73.948097
40.793607,-73.943341
40.786596,-73.954757
40.78726,-73.956335
40.785314,-73.955631
40.789199,-73.954937
40.780201,-73.953147
40.783913,-73.950309
40.790952,-73.947257
40.78899,-73.94664
40.789358,-73.943409
40.803118,-73.936415
40.800874,-73.935041
40.795141,-73.939258
40.794533,-73.939673
40.793876,-73.940197
40.797381,-73.934455
40.802506,-73.930719
40.80328,-73.930627
40.800985,-73.929124
40.777233,-73.952254
40.776205,-73.94992
40.769778,-73.948636
40.77792,-73.945794
40.773869,-73.945882
40.775466,-73.945808
40.767362,-73.9454
40.798235,-73.922802
40.803688,-73.969419
40.798868,-73.955468
40.789371,-73.95732
40.774408,-73.975147
40.815282,-73.96411
40.801453,-73.930985
40.802437,-73.929982
40.794494,-73.978506
40.770369,-73.933794
40.771372,-73.933181
40.776333,-73.929598
40.77136,-73.929693
40.772939,-73.924593
40.778146,-73.920618
40.813179,-73.929806
40.806779,-73.927106
40.807779,-73.923506
