139591
186833
186838
187272
187301
187410
187625
187628
187630
187657
187659
187666
187668
187670
188133
188152
188171
188176
188314
188323
188327
188329
188376
188382
188417
188421
188433
188439
188451
188456
188460
188470
188503
188507
188510
188523
188532
188554
188588
188613
188617
188621
188632
188767
188770
188786
188793
188796
188799
188806
188807
188811
188817
188830
188842
188859
188994
188997
189011
189038
189049
189117
189121
189182
189206
189239
189242
189244
189256
189259
189276
189279
189278
189301
189318
189340
189345
189363
189379
189386
189619
189637
190148
190572
190625
190631
190639
190660
190748
190774
197290
197295
197301
197302
197316
197378
197451
197569
197572
134192
135270
136647
139590
186835
187056
187298
187469
187605
187608
187634
187658
188103
188175
188186
188209
135268
188346
188359
188367
188370
188385
188393
188395
188405
188422
188457
188462
188467
188483
188499
188506
188508
188534
188544
188550
188569
188574
188590
188602
188764
188774
188790
188818
188870
188898
189062
189067
189074
189086
189106
189133
189147
189201
189207
189209
189212
189220
189252
189280
189290
189315
189320
189349
189350
189372
189388
189609
189613
189630
190142
190724
190727
190771
190775
190792
190844
197288
197296
197307
197315
197330
197371
197390
197551
197582
197609
197612
197614
134193
135266
135269
135291
135293
136638
187295
187439
187609
187616
187619
187632
187642
187647
187646
187648
187654
188116
188177
188180
188205
188212
188213
188306
188312
188313
188325
188345
188355
136639
188388
188408
188424
188443
188446
188487
188490
188522
188542
188541
188543
188573
188644
188772
188773
188804
188820
188827
188846
188851
188862
188875
188949
189012
189022
189048
189051
189076
189084
189096
189129
189128
189134
189159
189160
189174
189179
189181
189193
189217
189218
189230
189282
189291
189296
189333
189359
189371
189380
189618
189628
189633
190634
190635
190641
190674
190770
190791
190843
197309
197317
197321
197324
197501
197508
197552
197615
134197
135294
187287
187310
187312
187606
187651
187653
187665
187675
188107
188144
188172
188174
188183
188195
188208
188226
188300
188320
188347
188384
188398
188415
188418
188440
188444
188521
188579
188583
188591
188609
188610
188620
188633
188637
188813
188823
188840
188843
188877
188899
189018
189031
189045
189073
189079
189081
189082
189095
189122
189130
189144
189153
189163
189214
189223
189233
189235
189236
189248
189261
189271
189305
189322
189332
189361
189367
189373
189378
189403
189617
190146
190527
190626
190659
190768
190773
190801
197310
197313
197541
197559
197573
197602
135278
186836
186837
187292
187300
187418
187644
187671
188098
188102
188111
188122
188142
188143
188153
188154
188225
188356
188397
188429
188448
188453
188475
188488
188520
188564
188614
188624
188783
188812
188998
189004
189005
189020
189037
189099
189118
189119
189124
189138
189169
189189
189195
189200
189221
189228
189255
189286
189289
189311
189331
189337
189339
189341
189383
189384
189404
189610
136671
190481
197372
197504
197553
197568
197577
197596
135238
135272
135271
197326
139592
187297
187302
187614
187621
187624
187661
187663
188113
188162
188169
188222
188231
188294
188309
188341
188349
188381
188410
188447
188455
188458
188473
188482
188516
188526
188530
188549
188553
188555
188558
188565
188597
188600
188601
188623
188625
188634
188808
188831
188834
188847
188868
188900
189047
189083
189097
189100
189104
189126
189141
189156
189180
189190
189226
189229
189266
189268
189298
189303
189314
189346
189348
189366
189398
189620
189624
189632
190145
190640
190643
190649
197298
197503
197542
197562
197567
197576
197598
197605
197627
135352
136652
136640
135273
187055
187291
187308
187607
188099
188105
188110
188123
188163
188166
188199
188204
188229
188352
188353
188358
188363
188371
188389
188402
188423
188431
188435
188438
188481
188498
188535
188546
188560
188584
188639
188821
188839
188869
188879
189023
189042
189050
189054
189057
189064
189102
189116
189148
189225
189247
189254
189258
189316
189343
189357
189381
189635
190480
190529
190575
190629
190662
190725
190827
190831
197276
197297
197319
197506
197566
197591
197595
197600
197603
135265
135275
135346
136651
197515
186829
186831
187347
187415
187617
187626
187631
188076
188100
188101
188106
188115
188126
188131
188168
188179
188184
188188
188196
188206
188298
188305
188321
188357
188368
188373
188383
188390
188452
188459
188471
188484
188500
188528
188563
188572
188582
188586
188593
188605
188626
188631
188638
188641
188779
188795
188800
188815
188825
188845
188856
188865
188873
188884
188942
189002
189016
189027
189039
189041
189065
189110
189114
189125
189137
189162
189168
189197
189238
189269
189272
189274
189308
189342
189358
189360
189365
189621
190149
190528
190648
190657
190658
197291
197308
197374
197377
197571
197593
197597
197607
197608
135296
135298
135259
187466
187618
187622
188104
188109
188124
188151
188156
188189
188207
188217
188230
188330
188343
188374
188396
188399
188413
188469
188472
188494
188505
188512
188513
188527
188533
188552
188585
188629
188636
188640
188763
188775
188785
188787
188822
188853
188999
189019
189030
189040
189078
189087
189101
189108
189112
189142
189158
189165
189167
189175
189177
189187
189188
189208
189245
189251
189253
189270
189277
189353
189355
189391
189629
190573
190632
190683
190726
190772
194671
197299
197314
197331
197334
197450
197505
197544
197601
135232
135285
135345
187288
187309
187629
187664
188120
188139
188141
188148
188149
188160
188173
188178
188198
188223
188308
188310
188339
188342
188344
188348
188354
188379
188391
188394
188406
188420
188426
188436
188445
188450
188465
188468
188478
188485
188486
188545
188548
188556
188559
188592
188598
188599
188765
188771
188777
188802
188835
188838
188995
189003
189006
189033
189035
189070
189085
189107
189120
189132
189170
189178
189202
189210
189265
189273
189284
189285
189288
189317
189335
189374
189399
189616
189622
189627
190144
190633
190637
190663
190717
190723
190769
190819
190826
190830
197300
197303
197370
197375
197599
135230
135276
135292
135297
186832
186834
187290
187307
187417
187623
187635
187650
187655
187672
187673
187674
188077
188108
188121
188129
188135
188137
188164
188170
188185
188201
188228
188365
188377
188387
188409
188428
188434
188442
188461
188479
188495
188504
188531
188561
188562
188568
188570
188571
188581
188603
188635
188643
188766
188781
188782
188784
188789
188798
188805
188826
188855
188897
188944
189010
189013
189021
189034
189046
189077
189090
189093
189094
189131
189136
189135
189143
189145
189157
189166
189171
189198
189211
189219
189227
189241
189260
189267
189295
189330
189329
189338
189362
189390
189608
190628
190645
190647
190661
197287
197312
197337
197385
197543
197547
197554
197558
197570
197616
135279
136672
187058
187271
187293
187305
187311
187416
187476
187613
187615
187669
188112
188117
188128
188132
188134
188136
188145
188200
188202
188227
188299
188307
188318
188319
188366
188369
188372
188378
188411
188432
188463
188466
188493
188496
188529
188538
188537
188547
188577
188578
188611
188618
188628
188645
188792
188794
188810
188814
188828
188849
188854
188860
188874
188896
188943
188993
189025
189024
189069
189089
189113
189115
189123
189154
189194
189203
189264
189281
189297
189299
189323
189325
189334
189336
189370
189382
189607
189615
189634
190150
190627
190636
190646
190664
197292
197311
197320
197323
197335
197369
197511
197604
135264
135277
135286
136645
186830
187273
187304
187408
187475
187611
187627
187633
187652
187662
188119
188118
188157
188159
188161
188215
188293
188295
188324
188328
188375
188386
188403
188419
188427
188430
188480
188492
188502
188514
188587
188596
188604
188616
188622
188778
188780
188797
188819
188837
188841
188880
188951
188996
189001
189043
189044
189052
189059
189061
189066
189072
189091
189098
189105
189140
189149
189152
189164
189172
189186
189237
189262
189292
189293
189294
189302
189307
189309
189328
189351
189354
190684
190828
197289
197546
197545
197548
197549
197550
197555
197556
135274
135284
135299
136644
139594
136642
186839
187274
187289
187299
187306
187610
187643
187660
188130
188138
188147
188150
188155
188187
188219
188224
188311
188362
188364
188392
188425
188449
188517
188524
188536
188539
188540
188566
188575
188589
188595
188619
188627
188630
188646
188762
188803
188848
188850
188852
188858
188871
188952
189000
189063
189071
189088
189103
189111
189146
189155
189161
189173
189185
189196
189199
189204
189205
189216
189224
189232
189231
189240
189246
189249
189275
189283
189300
189319
189347
189364
190531
190630
190644
190782
194670
197275
197306
197376
197509
197574
197592
197594
197606
197621
197622
197623
197626
197756
135258
135260
135295
136646
187313
187620
187641
187667
188114
188127
188146
188158
188165
188181
188214
188220
188221
188315
188316
188322
188360
188380
188407
188464
188474
188476
188501
188509
188511
188519
188518
188557
188567
188576
188607
188647
188776
188791
188829
188836
188861
188863
188876
188950
189017
189029
189032
189053
189055
189056
189068
189075
189080
189092
189109
189139
189184
189192
189215
189250
189263
189304
189306
189310
189313
189327
189344
189356
189368
189369
189614
189623
190143
190642
190685
190793
197293
197373
197502
197557
197565
135267
136641
135257
187270
187303
187612
187640
187656
188078
188125
188140
188167
188191
188203
188210
188211
188216
188218
188317
188326
188340
188361
188400
188401
188404
188412
188414
188416
188437
188441
188454
188477
188489
188491
188497
188515
188525
188551
188580
188594
188612
188615
188642
188768
188769
188788
188801
188809
188816
188824
188832
188833
188844
188857
188864
188867
188866
188872
188878
189014
189015
189026
189028
189036
189058
189060
189127
189150
189151
189176
189183
189191
189213
189222
189234
189243
189257
189287
189321
189324
189326
189352
189375
189385
189387
189631
190147
190151
190152
190530
190579
190624
190638
190794
190829
190842
197294
197318
197322
197560
197561
197575
135256
135263
136643
187645
188301
188193
136653
135348
197327
197384
197759
135353
134206
197610
188028
136658
197563
135253
197391
190651
197613
190824
197636
197507
190686
187603
190682
189401
197625
197510
197518
134212
197564
188192
197663
187468
187275
197583
188072
188073
197611
188648
186874
188190
197380
188941
190841
197386
188304
197587
135347
190650
197760
135344
187057
187467
188608
188292
136650
135225
197584
189007
197513
187649
188882
135282
187601
197624
188715
197635
189397
187440
187409
187294
187284
135283
135236
197512
188182
188901
197586
187276
187414
197392
197757
197336
187474
197338
135261
197619
197379
188606
197516
197617
136673
190692
135280
197758
188886
