1790334
923521
923523
1790446
1790459
923666
923685
923690
1790483
923702
924150
1790855
1790864
924177
924193
1790889
924202
924242
924244
1790930
1790940
1790956
1790969
1790981
1790986
924326
924332
924344
1791004
924350
1791011
924360
924380
924402
1791052
924408
1791057
924412
924414
1791066
924420
1791070
924440
924442
924450
1791098
924473
1791108
1791143
1791157
924549
1791184
924586
924623
1791231
924633
1791244
924646
924651
1791251
924663
1791343
1791344
1791376
1791377
924817
924828
924830
1791396
924838
924845
1791427
924879
1791454
1791477
1791483
1791485
918866
921368
1792025
925845
927313
935082
942396
1805597
923487
1790340
923517
923529
1790354
923537
1790357
1790359
923645
923650
923654
923686
923704
1790818
924111
924147
1790853
1790861
1790884
924200
924213
924218
924221
924224
1790909
1790912
924234
1790923
1790938
924270
1790968
924304
1790989
924331
1790998
924356
1791014
1791025
1791039
924397
924399
1791062
924419
1791069
924432
1791082
924458
924478
924503
924510
924514
924523
924529
924545
924548
1791170
924551
924564
924578
924615
924619
924654
1791264
924694
1791289
924744
1791325
924746
1791327
1791334
924764
1791347
1791356
1791369
1791371
924803
924804
1791380
924822
1791389
1791404
1791411
1791418
924860
1791428
1791432
1791473
924927
924929
1791475
919574
1793326
1793389
939909
1803508
942584
1805656
923534
923543
923655
1790460
923687
923693
923701
1790824
1790843
924149
924152
924174
1790870
924176
924182
1790880
924194
1790928
924252
1790931
1790950
1790954
1790973
924311
924324
924327
924330
924354
924359
1791023
1791041
924398
924406
924407
924415
924425
924437
924477
1791114
924482
924485
924493
1791126
1791132
1791142
924561
924563
924567
1791198
924596
1791214
924606
924616
924637
1791240
924638
1791243
924647
924695
924723
924742
924745
1791342
924766
924767
924771
1791368
924805
1791400
1791405
1791415
1791425
924871
924878
1791437
1791441
924899
924901
924910
924914
925601
1792209
1792974
927232
927311
1793388
927315
927328
927375
935077
1805652
1805659
1790313
1790317
923505
1790332
923518
1790455
1790461
923684
1790476
923689
1790495
1790819
924114
924115
924140
924145
924153
1790854
924161
924162
1790866
1790869
924175
924180
924187
924199
924217
924220
1790907
924239
1790926
924251
1790933
924257
1790952
924281
924292
924315
1790987
1790988
924334
924337
1791007
924376
1791035
924401
924403
924409
924416
1791074
924438
1791090
1791094
924457
1791102
1791122
1791127
1791130
1791139
1791147
924531
924536
924538
1791177
924568
924577
924588
1791208
924604
924605
924632
1791250
1791255
1791262
1791263
924664
924683
1791278
1791323
924755
924765
924788
1791362
924837
924843
924844
924859
924866
1791438
1791442
924892
1791451
924909
1791465
924920
924926
924934
924936
924938
924939
1791484
919575
925602
925616
1792210
927229
1793402
937101
939866
942587
923488
1790331
1790342
1790344
923535
923536
1790358
923539
1790450
1790452
923696
1790491
924119
924135
924141
1790849
924166
924179
1790874
924186
924204
1790904
1790911
1790924
924250
924253
924263
924264
1790947
1790948
1790967
1790970
924309
924320
1790999
1791003
924347
1791008
1791022
1791032
924393
924404
1791060
924422
924423
1791085
924468
924469
1791117
1791129
924512
1791149
1791154
924530
924534
1791164
1791165
1791166
924546
1791173
1791203
1791210
924602
924607
1791216
924610
1791219
924611
1791224
924636
924642
1791245
924649
1791282
1791358
924796
924806
1791384
924826
1791399
1791402
924839
924840
1791408
924848
924849
924852
924861
924869
1791429
1791433
1791443
1791449
924898
1791453
919572
1787172
925600
1792012
1792026
926796
935076
1801253
942397
942399
942512
923490
1790328
923519
923524
1790348
923643
923646
923652
1790449
924109
924118
924139
1790844
924160
924168
924169
1790879
1790881
924207
1790899
1790908
924235
1790929
924254
924262
1790939
1790941
924268
924278
1790965
924307
1790974
924310
1790977
1790992
924352
1791015
924363
924378
924379
924387
1791043
1791051
924405
1791065
924421
924433
1791092
1791096
924487
924494
1791131
1791134
924517
924524
1791172
924560
924571
1791211
1791218
1791238
924641
924645
924657
924658
1791279
1791280
924690
924749
1791331
924752
1791333
924780
1791355
1791359
1791363
924802
924808
1791378
1791393
924832
924854
924863
924875
1791431
924912
1791468
924933
1787169
925847
927312
1793399
1796520
935072
1803506
942514
942657
942659
923486
1790333
923510
1790346
1790347
923544
1790437
923649
923651
1790474
1790482
1790490
923705
1790825
1790837
1790850
924171
1790875
1790877
924190
1790882
1790905
924272
1790953
924283
924299
924342
1791009
1791010
1791038
1791042
1791044
924394
1791072
1791076
924439
924446
924454
924453
1791093
924465
1791113
1791128
924499
1791133
924508
1791151
924532
924535
924541
1791176
924583
924621
924628
924635
1791246
924662
924687
924688
1791322
924743
1791326
924751
924757
924774
1791354
924787
1791372
1791379
924813
1791395
924851
924858
1791435
1791436
924907
1791458
1791463
1791466
1791469
1791471
924932
1791481
1791482
924940
1788613
927230
927314
927342
935075
1799628
937100
939912
942515
1805655
1790356
1790361
923658
1790481
1790486
923703
1790821
1790826
1790827
1790834
924137
924142
1790845
924154
924172
1790867
924188
924198
924214
1790910
924228
1790916
924240
1790937
924258
924259
924261
924280
924284
1790957
924287
924296
1790979
924325
924345
1791030
1791054
1791068
1791073
1791079
924436
1791089
924466
924470
924474
1791110
1791115
924505
924511
924515
924516
1791146
924525
924533
1791163
1791179
1791188
924589
924592
1791205
924620
1791230
924630
1791235
1791237
1791252
1791253
924653
1791254
1791261
924680
924691
924696
924750
1791332
924756
924759
1791338
1791364
1791367
924797
924812
1791381
924842
1791413
1791417
1791422
924870
1791430
1791445
924904
1791456
1791462
1791464
924919
924922
924923
924924
1791476
1791478
924941
1791486
1786604
925562
927216
927215
927233
1793390
1793400
1796757
1799627
937096
942660
923509
1790341
923522
923530
923532
1790352
923533
923642
1790443
923708
1790838
1790842
924146
1790872
924195
1790887
1790888
1790892
924231
924237
924238
924241
924245
1790935
924265
1790944
924271
1790958
1790960
924294
924300
924308
924321
1790997
924339
924351
1791013
924366
924370
924386
1791040
924391
924392
1791047
1791050
924411
1791064
1791104
924475
1791135
924506
1791144
924520
1791160
1791167
1791182
1791187
924572
1791222
924625
924640
1791260
924681
924684
924686
1791288
924726
924731
924740
924762
1791351
924791
924811
924818
924819
924825
1791391
1791398
1791410
924874
924884
924888
924900
924903
924937
924942
924944
925551
927218
1793325
1793392
1793440
931433
1797790
939910
1805599
942513
942581
1805653
923489
923515
923527
923540
1790360
1790445
1790477
1790480
924112
924116
1790823
924120
924138
924156
924164
1790873
924191
1790885
924197
924203
1790893
1790898
1790917
924243
924255
1790949
924275
924301
1790990
1790995
1790996
1791024
924368
1791036
924385
1791046
924413
924449
924452
1791097
1791103
1791105
924486
1791123
924492
924497
924501
924526
924527
1791152
924528
924544
924547
1791171
924556
924558
1791206
924600
924601
1791217
924622
1791233
1791234
1791242
924643
1791247
924650
1791256
924685
1791281
924698
1791310
1791311
924728
924753
924763
924768
1791346
1791350
924792
1791365
1791385
1791387
924827
1791392
1791394
924846
924850
1791412
924865
1791424
924867
1791426
924873
924883
1791446
924895
1791467
924928
924930
924931
1787171
1791981
925844
927228
927234
1799623
1799626
942583
1805657
942590
1790330
1790350
923531
923541
1790442
1790451
1790820
924123
924133
924183
924185
924226
924229
1790927
924248
924260
1790946
924277
924279
924286
924293
1790964
1790971
924305
1790972
924314
924333
924338
1791005
1791017
1791018
924377
924381
924384
1791061
924424
924426
924427
1791071
924428
924430
1791084
924448
924455
1791111
1791112
924480
1791121
924489
924491
1791125
1791136
1791137
924513
1791155
1791156
1791161
1791169
924553
1791174
1791180
924569
1791193
924603
1791221
924614
1791226
1791229
924634
1791239
924652
1791258
1791277
924727
1791328
924758
924761
1791340
1791349
924783
924794
924795
924799
924801
924807
924824
924829
1791406
1791407
1791419
924864
1791434
924887
924897
1791452
924911
924913
1791980
925597
1792010
925843
1792212
935074
937292
1803408
1803510
1805598
1805600
1805714
923483
1790339
1790345
923525
1790355
923640
1790444
924136
1790841
1790852
924158
1790859
924163
924165
924167
1790863
1790865
924184
1790883
924201
1790891
1790894
924206
924247
924267
924269
924295
924298
924302
924303
1790978
924318
1790984
924323
924335
1791000
1791001
924341
924353
1791012
924362
924371
924389
1791055
1791058
924417
1791067
924435
1791087
924447
1791088
1791091
924456
924459
924476
1791116
924484
924490
924502
924509
1791141
1791145
1791159
1791162
924552
1791204
1791207
1791215
924617
1791227
1791249
924656
924661
924682
1791312
1791321
1791324
924747
924748
1791339
1791345
924773
924790
1791373
1791383
924823
1791397
1791401
924855
924856
924876
924889
924894
1791474
925603
1793387
1793401
931590
935080
937102
1803509
1805654
942586
942591
1790315
923528
1790351
923542
1790447
923665
923688
1790835
1790839
1790840
924143
924148
1790851
924151
1790856
924173
924181
924192
1790925
1790934
924256
1790959
1790975
924313
924329
924340
1791002
924348
924358
924361
1791020
924364
924367
1791026
1791029
924395
924434
1791083
924443
924463
1791106
1791109
1791119
924488
1791140
924540
1791168
924550
924554
924562
1791181
924565
924570
1791189
924598
924608
1791220
1791223
924624
924644
924655
1791257
1791276
924689
1791284
924693
924725
1791315
924754
1791341
924770
924775
924785
1791361
924793
924800
1791375
924810
924820
924821
1791388
1791390
924835
1791416
924862
924877
1791447
1791448
924906
924945
1791982
925595
927316
927325
927324
1793439
1797795
1805601
1805651
1805658
942588
942589
1805713
1790349
1790353
923648
1790478
1790479
923692
924131
1790836
1790846
1790847
1790860
924219
924225
924227
1790914
924249
924273
1790955
924285
924288
924291
1790962
1790976
1790980
924319
924346
924349
1791019
1791021
924372
924374
1791028
1791031
1791033
924410
924418
924429
1791077
924445
1791086
1791095
924460
924481
924496
924500
924504
924507
924519
1791158
924537
924539
1791175
1791178
924559
924587
924591
924597
924609
924626
924627
1791236
1791241
924648
1791287
1791335
1791348
1791366
1791370
1791374
924836
924841
924853
1791423
1791439
1791440
924886
924890
924908
1791460
1791461
924918
1791984
1792013
927217
1793312
1793322
928701
1800941
939587
1803507
1805507
1790316
923526
923683
923691
924113
1790822
924117
924124
1790848
924157
1790857
1790868
1790876
1790878
1790890
924205
924212
924222
924223
1790906
924236
1790920
1790922
1790932
924266
924282
1790961
1790963
1790966
924317
924316
1790982
1790983
1790985
924328
1790994
924357
1791034
924388
924396
1791049
1791056
1791059
1791063
1791080
1791081
924451
1791101
924467
924471
924472
1791107
924479
1791124
924498
1791138
924518
1791150
1791153
924542
924543
924557
924590
1791202
924599
1791212
1791213
924613
1791225
1791228
1791248
924660
1791259
1791283
924699
1791329
1791330
924776
924778
924781
924786
924798
924815
1791386
924831
924833
924847
1791414
924868
924872
924880
924885
924893
1791450
924905
1791459
1791472
924943
1791975
1791983
927327
927377
932792
939908
939911
942661
943917
923538
923644
923647
1790448
923653
1790475
1790485
1790492
924144
924155
924159
1790858
1790862
924170
1790871
924178
924189
924196
1790886
924211
924230
1790913
924233
1790921
1790943
924274
924276
1790951
924289
924290
924297
924306
924312
924322
1790991
1790993
924336
924343
1791006
924355
1791016
924365
924369
924373
1791027
924375
924390
924400
1791048
1791053
924431
1791075
924441
924444
924461
1791099
924464
924483
1791118
1791120
924495
924521
924522
1791148
924555
924566
1791185
1791186
924593
1791209
924612
924618
1791232
924629
924631
924639
924659
924665
924741
1791336
924769
1791357
924784
1791360
924789
924809
924814
1791382
924834
1791403
1791409
924857
1791420
1791421
924881
924882
924891
1791444
924896
924902
1791455
1791457
924915
924916
924917
924921
1791470
925552
925596
925598
1792014
925617
927326
935079
942398
942658
1805715
1806725
