node_to
10073
9900
9901
9903
1056545
9963
9964
1056589
9969
1056607
10005
1056634
10082
1056539
1056563
9949
1056585
1056592
9989
1056612
9997
10001
10008
10011
10047
1056671
10074
1056674
1056682
10087
3373
3691
9898
1056535
1056543
9916
1056596
1056601
1056635
1056655
10053
10054
1056666
1056689
1051292
1056537
9921
1056548
1056557
1056587
1056590
1056594
9977
9993
1056617
10028
1056673
1051835
1056584
9974
9981
10019
1056629
10023
1056632
1056633
10027
10058
1056670
9899
9906
1056536
9911
1056542
1056551
1056586
1056600
9992
10007
10010
10018
1056631
1056650
1056677
10088
3351
1051284
1051291
3372
9912
1056546
9919
9924
9938
9986
1056608
9996
9998
1056614
1056619
1056622
10013
10015
10016
10017
1056627
10057
10076
1056690
1051273
9913
9926
10000
10002
1056626
10029
10051
1056663
1056665
10077
10078
10093
9905
1056541
9914
9917
1056547
1056569
9979
9980
9994
1056610
10049
10071
1056672
1056675
1056676
10080
1056680
9897
1056532
9929
9976
9988
1056603
1056604
9990
1056611
1056625
1056649
1056653
10081
10084
10095
1056804
16688
9909
9915
1056597
1056613
10004
1056621
1056623
1056678
1056683
9904
1056544
9966
9968
9975
1056605
1056616
10014
10030
1056637
10085
1056681
1056693
1056530
1056531
1056533
1056538
9910
9918
9920
9923
9945
9965
9970
9972
1056595
1056606
9995
1056615
10012
10022
10024
10050
10064
1056664
10083
1056679
1056688
3369
4045
1056534
1056540
9946
10075
10094
9902
9907
1056566
1056570
9967
1056588
1056591
1056593
9991
9999
10003
10006
1056624
10031
10086
1056843
9908
1056549
9922
1056550
9942
1056573
9971
9973
9978
1056598
1056599
10021
10026
1056636
1056652
10065
10079
1051288
