node_to
16641
1061945
1061954
16665
1061957
16668
16670
16674
4183
1051943
4717
1061969
4008
9927
1052097
1061985
4374
4395
4377
1062012
16741
1062019
1062051
16782
1062053
1062087
4781
10073
1061677
3557
3681
3698
1051558
3710
3715
1051580
3739
3754
3763
3765
1051610
1051611
3782
1051627
3792
1051646
1051650
3814
3828
1051665
3837
1051684
1051688
1051701
3878
1051708
3907
1051737
1051738
3941
3971
3974
3982
3991
1051798
4016
1051816
1051832
4057
4071
4102
1051920
4199
4206
1051971
4218
1051973
4222
4234
4249
4256
4385
1052106
4389
4407
4412
1052139
4493
4506
1052207
4541
4544
4545
4552
1052257
4576
4577
4588
4597
1052274
4606
4610
1052289
1052303
4756
4775
9900
9901
9903
1056545
1056554
9963
9964
1056589
9969
1056607
10005
1056634
10032
1056643
10046
1056659
10082
10091
2902
918234
1786093
1786104
918260
918261
917894
917923
917977
1786509
1804540
1061943
4033
4182
1061960
4184
1056559
1061977
16698
16706
16714
1061997
16718
1062000
16725
16735
16740
16781
3613
1051505
3373
1051436
1051483
3615
3620
3639
1051519
3657
1051523
3663
3665
1051534
1051540
3682
3691
1051550
1051566
3737
1051587
3742
1051594
3762
3783
3805
3811
3823
1051661
3836
3843
1051682
3854
1051687
1051689
1051714
3908
1051735
1051736
3929
1051745
1051749
3937
1051761
3957
3959
1051052
3995
1051823
4032
4043
1051857
1051877
4103
4105
1051885
4113
1051897
4134
4137
4139
4146
1051917
4157
4162
1051928
1051946
4208
4220
4246
1052001
4370
4383
1052107
1052137
1052192
4510
1052209
1052213
1052224
1052228
4563
4566
1052261
4582
1052268
1052272
4598
1052286
4617
4618
4634
1052403
4751
4763
4765
4768
4780
9873
9888
1056539
1056563
9948
9949
1056585
1056592
9989
1056612
9997
10001
10008
10011
10040
1056646
10047
1056671
10074
1056674
1056682
10087
1056691
2894
1050895
1786053
1786081
918228
918238
918251
917907
1785855
1785856
940646
1061941
16648
16651
16656
16676
16678
1051806
1056556
1061988
16709
1061992
1061993
16712
1061994
4403
16742
3372
2933
1051273
1051450
3571
1051517
3672
3673
3676
1051543
3683
3695
3721
3722
3727
1051578
3733
3745
3750
3757
3768
1051629
1051635
1051641
1051642
3810
3821
1051660
1051663
3832
3848
3862
1051692
1051693
3867
1051698
1051700
3877
3886
1051713
3894
3909
1051728
3915
3916
3920
3930
1051752
3952
3960
1051776
1051778
1051787
3989
4006
4014
1051824
4041
1051834
4056
4072
1051888
4128
1051900
1051903
1051923
4170
1051941
4192
4207
1051980
1051993
1052056
1052105
1052121
4406
4427
1052188
4501
1052196
4503
1052200
4537
4540
1052227
1052231
1052242
1052245
4565
1052259
4584
4605
4611
1052296
1052313
4759
3108
9912
1056546
9919
9924
9934
9938
9958
9986
1056608
9996
9998
1056614
1056619
1056622
10013
10015
10016
10017
1056627
10034
10042
10043
10057
10076
1056690
1050902
1050903
918189
1786059
1786060
1786062
918209
1786079
918233
1786088
1786106
917905
1785836
1785847
917942
16646
4177
16654
16657
1061956
16667
16672
16675
1051930
16704
1061995
1052175
16719
3812
16778
16783
15920
1052241
1056513
3980
3375
1051459
1051481
3659
1051536
1051541
1051553
3718
3726
3731
3734
3740
1051593
3753
1051602
3756
3764
1051612
1051637
1051638
3801
3825
3844
3847
1051690
1051691
1051712
1051733
3932
3933
3961
1051782
1051783
3987
1051791
1051804
1051828
4108
4110
1051909
4152
1051926
4174
1051953
1051955
4204
4210
4212
4226
1052058
4373
1052100
4381
1052130
4422
4430
4468
4507
1052210
1052220
4533
1052223
4535
1052225
4550
4559
4564
4573
1052263
4583
4600
4603
4609
4613
4616
1052292
4721
4747
4770
1052418
1052427
1056512
9891
9905
1056541
9914
9917
1056547
9933
1056569
9953
9954
9979
9980
9994
1056610
10045
10049
10066
10071
1056672
1056675
1056676
10080
1056680
10097
1050893
1786055
918192
918222
1786082
918226
1786094
1786110
917897
917898
1785825
1785837
917938
918750
16643
4178
1051944
1051508
1051531
4319
1061989
4382
16715
16729
1062008
16731
16738
16744
1062048
1062052
4141
2928
3351
1051284
1051291
1051293
3551
1051479
3604
3607
3610
1051482
1051485
3623
3632
3633
3635
3640
1051520
3664
3666
3704
1051562
1051563
3716
1051577
1051590
3761
3778
1051625
1051631
1051644
3808
1051653
1051659
1051662
3829
3858
3865
1051696
3870
3898
3913
1051755
1051772
1051773
3967
3981
3983
3986
4029
1051830
1051837
4085
1051881
1051887
1051889
1051904
1051908
4145
1051913
1051918
4160
4159
4202
1051962
1051965
1051976
4227
4228
4318
1052062
1052091
4400
1052127
4414
4429
4470
4516
1052211
4526
1052237
4551
4553
4561
1052255
4596
1052276
4636
4746
1052404
1052409
4767
4769
4776
4777
4778
1052429
9872
9899
9906
1056536
9911
1056542
1056551
9928
9951
1056579
9957
1056586
1056600
9992
10007
10010
10018
1056631
10036
1056642
10038
1056650
1056677
10088
1050894
1786061
918210
918212
918225
1786086
917895
917903
917906
917918
1785852
1785853
1785878
16639
3636
16650
16658
4181
1061963
16679
1061971
1061976
1052093
4392
1052191
16708
1052174
1052119
4384
1062004
1051872
1062047
3816
4019
1050925
3092
3612
1051486
1051492
3622
3641
1051522
1051526
3692
1051560
3706
1051565
3723
3736
3747
1051595
1051605
3772
1051616
3794
3800
3802
1051647
3820
1051655
3826
1051667
1051670
1051673
3842
1051679
3859
3866
3873
3887
3890
3892
3910
3911
3912
1051739
3925
3928
3936
1051758
3947
3948
3953
1051769
1051794
1051807
1051809
4022
1051819
1051821
1051866
4092
1051879
4114
4120
1051895
1051905
1051915
1051922
4168
1051934
4172
4191
4197
1051956
4201
4203
1051963
1051967
1051972
1051990
1051997
1052055
4320
4372
4391
1052123
4423
4424
4511
1052205
4518
1052214
4538
1052229
4546
1052253
1052254
4580
4590
4619
1052295
1052306
4755
1052413
1052422
1052424
9932
9947
9959
9961
1056584
9974
9981
10019
1056629
10023
1056632
1056633
10027
1056640
10058
10060
1056670
2898
2901
2904
2906
1786067
918214
918232
918241
1786115
1785815
917908
1051937
1061947
16655
1061959
1051491
16687
1061975
4371
4351
16727
16728
16736
16743
1062054
16058
3988
1050923
3555
1051445
3606
1051484
3619
1051493
1051494
1051509
3652
3654
1051524
1051528
3667
1051533
1051551
1051569
3730
3732
3744
1051601
1051603
3787
3806
1051645
3809
1051651
3841
1051675
3850
1051686
3861
3876
3882
3891
1051716
1051734
1051748
1051753
1051754
1051757
1051768
3964
3965
1051775
1051789
1051805
4021
4025
1051822
4031
4042
1051841
4054
4109
1051898
4135
1051935
4176
1051958
1051961
4213
1051974
4244
4369
1052094
4388
1052126
4432
1052143
1052172
1052198
4514
1052226
4543
1052239
4554
1052269
1052273
1052279
4612
1052287
1052297
1052300
4639
4719
1052400
1052405
1052412
1052425
1052431
1056525
9913
9926
1056572
9960
10000
10002
1056626
10029
10051
1056663
1056665
10077
10078
1056684
10093
2891
2895
918195
918196
1786063
1786064
918204
918208
918247
918252
918257
1785818
4180
1061938
16644
4175
1051939
4185
1061958
1061961
16680
16682
1061972
4009
1061987
1062010
1062013
16739
1062049
4555
1051247
1051288
1051296
1051441
1051442
3558
3569
3578
1051478
1051487
1051507
3642
1051530
1051532
1051544
3686
3694
1051556
3703
1051561
3720
3724
3729
3767
3771
1051618
3781
1051621
3788
3818
1051657
3824
3827
1051678
1051702
3881
3885
1051723
1051725
3918
1051741
1051759
3949
1051788
3992
1051817
1051825
4036
1051833
4075
1051882
4148
4163
4173
4187
4189
1051949
4198
4214
4216
4221
1051975
4236
1052002
1052080
4398
4416
1052138
1052141
4505
1052206
4517
4542
4548
4567
4568
1052252
4575
4581
1052262
4591
1052282
1052373
4723
4762
4774
1052428
9908
1056549
9922
1056550
1056555
1056560
9942
1056573
1056580
9971
9973
9978
1056598
1056599
10021
10026
1056636
1056641
1056645
1056652
1056661
10065
10079
2893
1786054
918202
1786070
918213
1786084
918230
1786087
1786091
918254
918262
1785814
1785823
1785826
1785828
917909
940647
16645
16652
1061953
16677
16681
16684
1061974
16695
16703
1052117
16733
16746
16776
16784
1051050
3579
1051503
1051504
1051518
3655
3679
1051548
3701
3702
3714
1051583
3735
1051586
1051609
3766
3786
3791
1051632
3831
3838
3846
1051677
3871
1051705
1051707
1051709
3900
3903
3921
1051743
3940
3969
3970
3972
3973
3996
3997
1051808
4024
1051820
4030
1051826
1051827
4038
1051831
1051835
1051844
4055
1051871
4106
4112
4116
1051906
1051910
4143
4151
1051919
1051927
4231
1051984
1051986
4241
1051994
1051995
4253
4376
1052114
4411
4413
4418
1052132
1052134
4426
1052140
4467
1052193
4495
4509
4515
1052212
4539
1052232
4560
4562
1052248
1052251
1052265
1052284
1052290
4615
1052294
4623
4646
4712
4718
4773
1056524
9892
1056537
9921
1056548
1056557
9943
1056575
9962
1056587
1056590
1056594
9977
9993
1056617
10028
1056638
10062
1056673
1786068
918217
1785820
1785822
1785882
917980
941192
16640
1061944
16649
1061952
16669
1051539
1051890
4405
4378
16720
1062002
1062003
16730
1062014
1062022
2899
1062050
1056511
1051812
2935
1051489
1051490
1051502
3649
1051521
3653
1051529
3674
1051538
3677
1051545
3688
1051574
1051585
1051588
3751
1051604
3779
3795
1051640
1051656
1051658
3834
1051676
1051683
3879
3895
1051719
3905
1051724
1051727
3919
3923
3950
3954
3955
3958
3966
1051781
3994
4018
4027
4039
4044
1051842
1051907
4164
1051951
4194
1051968
4223
1051979
1051981
1051983
4242
1051991
1051992
1052057
4379
4408
4409
1052128
4415
1052133
1052136
4433
1052176
1052177
1052202
1052203
4513
1052208
4519
4531
1052240
4558
4587
4595
1052280
1052281
4607
4629
4645
1052399
4750
1052411
1056522
9902
9907
9930
9931
1056566
1056570
9952
1056581
9967
1056588
1056591
1056593
9991
9999
10003
10006
1056624
10031
1056656
10086
1056843
1786065
918221
918224
918231
918235
1786090
1786103
1786108
917900
1785824
1785827
1785848
917941
918749
1061935
1061948
16671
1051916
16673
1061965
1061968
4327
1061983
1051892
1061990
16710
1052095
16713
1061998
1061999
1052098
1062009
1062020
16780
1051480
3583
3590
1051468
1051488
3631
3638
1051510
3651
1051525
3669
1051542
1051568
1051570
1051575
3743
1051591
3746
1051600
3780
1051633
1051636
3807
3830
3849
3869
1051704
1051711
1051717
3899
1051720
3945
1051756
1051763
1051766
1051779
3976
3978
1051784
1051792
1051814
1051818
4083
1051884
4117
1051891
4126
1051896
4131
4140
4144
4153
1051924
4165
1051960
4205
4217
4232
4240
1052079
1052101
1052104
4386
4390
1052110
1052112
4428
4435
1052173
4524
1052216
4530
4532
1052246
1052247
1052249
4571
4578
1052278
1052283
1052285
1052291
4622
4624
1052298
4632
4715
1052369
1052385
4733
1052406
4761
4779
9887
9889
1056534
1056540
1056553
9946
1056647
1056658
10075
10094
2897
1050900
1050901
918198
918206
1786080
918236
1785821
917901
917940
1786458
1804100
1061939
1061942
1061946
1061949
16661
16664
1061970
16699
4473
1062006
1062018
1051559
3712
4366
1051626
1050931
3617
1051500
3661
3670
3675
1051546
3693
1051555
3699
1051567
1051579
1051582
1051589
3749
1051599
3758
3770
1051617
3784
1051628
1051630
3799
1051652
1051654
3839
1051674
3845
3868
1051695
3872
3875
3880
1051706
3884
1051715
3896
1051721
1051722
3906
3926
1051747
1051751
3956
3979
1051785
3990
1051793
4020
4091
4111
4155
4169
1051933
4195
1051957
1051959
1051966
1051969
4230
4237
1051988
1051989
1052125
4417
4469
4472
4504
4508
4520
4525
1052221
4534
4536
1052230
4556
1052250
1052256
1052293
4627
4628
1052302
4635
1052370
4732
4749
1052415
9897
1056532
1056552
9929
9936
1056571
1056574
9956
9976
9988
1056603
1056604
9990
1056611
1056625
10044
1056649
1056653
10081
10084
10089
10095
1050896
1056804
918199
918200
918203
1786069
1786071
1786083
918264
917892
917902
1785854
1786507
1061937
16642
16647
1051940
1061950
16660
16666
1061964
1061966
16683
3687
16701
1061986
16705
1061991
16711
1061996
1062005
1051850
1051643
1051649
1056685
3078
1051292
1051439
3577
3624
3629
1051547
3689
3696
1051554
3700
3709
1051581
1051596
1051597
1051607
1051614
3773
1051619
1051623
3798
3803
1051648
3851
1051681
3855
3856
3874
1051710
3902
3904
3917
3924
1051746
3934
3939
3943
1051767
1051770
3962
1051777
3985
3993
1051796
4005
4074
4104
1051883
1051886
4115
4119
4130
1051899
1051911
1051947
4193
1051954
4209
1051964
1051970
4224
4245
4248
1051996
4257
4387
4394
4404
1052120
1052124
1052135
4471
1052189
1052233
1052236
1052244
4572
1052258
4593
4620
4631
1052371
1052372
1052381
4752
1052419
9898
1056535
1056543
9916
1056558
9935
1056576
1056582
1056596
1056601
1056635
10041
1056655
10053
10054
1056666
1056689
1050898
918191
1786057
1786073
918245
918248
917891
917893
917904
917937
1051938
1061951
16662
1061973
16686
16688
9941
1061984
1052111
1052116
4402
1062001
1062015
1062017
3658
1051537
4547
2934
3088
1051061
3561
1051444
1051458
3584
3598
3605
3609
3611
3621
1051506
3637
3650
3656
3660
1051527
3684
1051557
3705
3707
3711
1051572
1051573
1051576
1051584
1051592
3748
3759
3760
1051608
3775
1051624
3789
1051639
3813
1051664
3833
1051672
3852
3853
1051685
3860
3888
1051718
1051726
1051729
1051731
3927
1051750
3942
3946
1051762
1051765
1051771
3968
1051780
3975
3984
1051799
4015
4023
4026
1051838
4061
1051867
4107
4129
1051912
1051921
4161
4167
4171
1051950
1051952
4196
4200
4225
1051977
4229
1051985
4247
4250
1052108
4393
4399
4410
4419
4475
4490
1052199
4529
1052238
4570
4574
1052266
4594
1052271
4599
1052288
1052397
1052414
4771
1052421
1052423
9909
9915
1056568
1056577
1056597
1056613
10004
1056621
1056623
10035
10037
1056648
1056678
1056683
10098
2900
1050899
2903
918188
1786052
918190
1786085
918239
1786105
918255
918256
918258
1786111
1785817
1804099
1061936
1061955
16663
1061967
4190
1051549
1052096
16702
16716
16722
16723
16732
16734
1062016
16745
1062021
1051668
16779
1062055
10090
3603
2932
3328
3369
3377
1051453
3608
3616
1051495
3662
3668
1051535
3697
1051564
3717
1051571
3725
3728
3738
3741
1051598
3755
1051613
3774
3776
1051620
3790
3793
3796
3797
3804
3817
3819
3822
3835
3840
1051703
3889
3893
3914
3922
1051742
3931
3938
1051774
3977
1051786
1051795
4010
4013
4017
1051815
4034
4045
1051880
4127
4138
4156
4158
4166
1051932
4188
4215
1051978
4239
4243
1052099
4380
1052103
1052109
1052113
1052142
4500
1052201
4522
1052219
1052222
1052243
4585
1052264
4589
4592
1052270
4602
4604
4621
4633
1052308
4647
4716
1052417
4772
4784
9874
1056530
1056531
1056533
1056538
9910
9918
9920
9923
9925
1056567
9945
1056583
9965
9970
9972
1056595
1056606
9995
1056615
10012
10022
10024
10050
10064
1056664
10083
1056679
1056688
2892
2896
1050897
1786066
918207
918211
918227
918229
918237
1786092
918246
1786109
1785816
1785819
1785835
1785857
1785876
1061940
16653
16659
1061962
1051931
16685
16689
16697
1061982
16700
16707
4375
1052115
16717
4397
1052118
16721
16724
1062007
1062011
16737
16777
4766
4557
1051057
3568
3614
3618
1051501
3671
3678
3680
3685
3690
1051552
3708
3713
3719
3752
1051606
3769
1051615
3777
1051622
3785
1051634
3815
1051666
1051669
1051671
1051680
3857
3863
3864
1051694
1051697
1051699
3883
3897
3901
1051730
1051732
1051740
1051744
3935
3944
1051760
3951
1051764
3963
1051790
1051813
4028
4035
4040
4118
1051901
4136
4142
4149
4150
4154
1051925
1051929
4211
4219
1051982
4233
4235
4238
1051987
4251
1052102
4396
4401
1052122
4421
4431
4474
4521
1052215
1052234
4569
4579
1052260
4586
1052267
1052275
4608
4614
1052301
1052304
1052305
1052309
4642
1052416
1052420
9904
1056544
1056561
9950
9966
9968
9975
1056605
1056616
10014
10030
1056637
10085
1056681
1056693
2905
1786056
918201
1786072
918240
1786098
1786107
918259
917899
917919
917920
917971
1786508
