node_to
3812
16778
16783
3659
1051536
1051541
1051553
3718
3726
3731
3734
3740
1051593
3753
1051602
3756
3764
1051612
1051637
1051638
3801
3825
3844
3847
1051690
1051712
1051804
9905
1056541
9914
9917
1056547
9933
1056569
9953
9954
9979
9980
9994
1056610
10045
10049
10066
10071
1056672
1056675
1056676
10080
1056680
10097
1050893
1051481
1051559
3712
1051626
1061970
3661
3670
3675
1051546
3693
1051555
3699
1051567
1051579
1051582
1051589
3749
1051599
3758
3770
1051617
3784
1051628
1051630
3799
1051652
1051654
3839
1051674
3845
3868
1051695
3872
3875
3880
1051706
3884
1051715
3896
1051721
1051722
3906
4020
9897
1056532
1056552
9929
9936
1056571
1056574
9956
9976
9988
1056603
1056604
9990
1056611
1056625
10044
1056649
1056653
10081
10084
10089
10095
1050896
1051500
1056804
1051812
1051539
2899
1062050
3649
1051521
3653
1051529
3674
1051538
3677
1051545
3688
1051574
1051585
1051588
3751
1051604
3779
3795
1051640
1051656
1051658
3834
1051676
1051683
3879
3895
1051719
4018
4039
4044
1051842
9902
9907
9930
9931
1056566
1056570
9952
1056581
9967
1056588
1056591
1056593
9991
9999
10003
10006
1056624
10031
1056656
10086
2935
1051502
1056843
3658
1051537
1061973
16686
16688
9941
3650
3656
3660
1051527
3684
1051557
3705
3707
3711
1051572
1051573
1051576
1051584
1051592
3748
3759
3760
1051608
3775
1051624
3789
1051639
3813
1051664
3833
1051672
3852
3853
1051685
3860
3888
1051718
1051729
4015
4023
1051838
4061
9909
9915
1056568
1056577
1056597
1056613
10004
1056621
1056623
10035
10037
1056648
1056678
1056683
10098
2900
1050899
2903
3605
3609
3611
1051531
1062048
1062052
1051520
3664
3666
3704
1051562
1051563
3716
1051577
1051590
3761
3778
1051625
1051631
1051644
3808
1051653
1051659
1051662
3829
3858
1051696
3870
3898
1051830
1051837
9899
9906
1056536
9911
1056542
1056551
9928
9951
1056579
9957
1056586
1056600
9992
10007
10010
10018
1056631
10036
1056642
10038
1056650
1056677
10088
1050894
2928
3351
1051284
1051291
1051479
3604
3607
3610
1051482
1051485
3633
16683
3687
1051850
1051643
1051649
1056685
1051547
3689
3696
1051554
3700
3709
1051581
1051596
1051597
1051607
1051614
3773
1051619
1051623
3798
3803
1051648
3851
1051681
3855
3856
3874
1051710
3902
3904
1051796
4005
9898
1056535
1056543
9916
1056558
9935
1056576
1056582
1056596
1056601
1056635
10041
1056655
10053
10054
1056666
1056689
1050898
1051292
3629
16684
1061974
16776
16784
1051518
3655
3679
1051548
3701
3702
3714
1051583
3735
1051586
1051609
3766
3786
3791
1051632
3831
3838
3846
1051677
3871
1051705
1051707
1051709
3900
3903
3996
1051808
4024
1051820
4038
1051831
1051835
1051844
4055
1056537
9921
1056548
1056557
9943
1056575
9962
1056587
1056590
1056594
9977
9993
1056617
10028
1056638
10062
1056673
3603
1051549
1051668
16779
1062055
10090
3662
3668
1051535
3697
1051564
3717
1051571
3725
3728
3738
3741
1051598
3755
1051613
3774
3776
1051620
3790
3793
3796
3797
3804
3817
3819
3822
3835
3840
1051703
3889
3893
1051795
4010
4013
4017
1051815
4045
1056530
1056531
1056533
1056538
9910
9918
9920
9923
9925
1056567
9945
1056583
9965
9970
9972
1056595
1056606
9995
1056615
10012
10022
10024
10050
10064
1056664
10083
1056679
1056688
2892
2896
1050897
2932
3369
3608
3613
1056559
1061977
16781
1051519
3657
1051523
3663
3665
1051534
1051540
3682
3691
1051550
1051566
3737
1051587
3742
1051594
3762
3783
3805
3811
3823
1051661
3836
3843
1051682
3854
1051687
1051689
1051714
3937
3995
4043
1056539
1056563
9948
9949
1056585
1056592
9989
1056612
9997
10001
10008
10011
10040
1056646
10047
1056671
10074
1056674
1056682
10087
1056691
2894
1050895
3373
1051483
16685
16689
16777
3671
3678
3680
3685
3690
1051552
3708
3713
3719
3752
1051606
3769
1051615
3777
1051622
3785
1051634
3815
1051666
1051669
1051671
1051680
3857
3863
3864
1051694
1051697
1051699
3883
3897
3901
1051813
4040
9904
1056544
1056561
9950
9966
9968
9975
1056605
1056616
10014
10030
1056637
10085
1056681
1056693
2905
3614
1051501
3372
1051806
1056556
1051517
3672
3673
3676
1051543
3683
3695
3721
3722
3727
1051578
3733
3745
3750
3757
3768
1051629
1051635
1051641
1051642
3810
3821
1051660
1051663
3832
3848
3862
1051692
1051693
3867
1051698
1051700
3877
3886
1051713
3894
3920
4006
4014
4041
1051834
4056
9912
1056546
9919
9924
9934
9938
9958
9986
1056608
9996
9998
1056614
1056619
1056622
10013
10015
10016
10017
1056627
10034
10042
10043
10057
10076
1056690
1050902
1050903
2933
1051273
10073
4008
9927
1062051
16782
1062053
1062087
3681
3698
1051558
3710
3715
1051580
3739
3754
3763
3765
1051610
1051611
3782
1051627
3792
1051646
1051650
3814
3828
1051665
3837
1051684
1051688
1051701
3878
1051708
1051798
4016
1051816
1051832
4057
9900
9901
9903
1056545
1056554
9963
9964
1056589
9969
1056607
10005
1056634
10032
1056643
10046
1056659
10082
10091
2902
1061971
1061976
1062047
3816
4019
1051522
1051526
3692
1051560
3706
1051565
3723
3736
3747
1051595
1051605
3772
1051616
3794
3800
3802
1051647
3820
1051655
3826
1051667
1051670
1051673
3842
1051679
3859
3866
3873
3887
3890
3892
1051807
1051809
4022
1051819
9932
9947
9959
9961
1056584
9974
9981
10019
1056629
10023
1056632
1056633
10027
1056640
10058
10060
1056670
2898
2901
2904
2906
1050925
3612
1051486
16687
1061975
1062054
3652
3654
1051524
1051528
3667
1051533
1051551
1051569
3730
3732
3744
1051601
1051603
3787
3806
1051645
3809
1051651
3841
1051675
3850
1051686
3861
3876
3882
3891
1051716
1051805
4021
4042
1051841
4054
9913
9926
1056572
9960
10000
10002
1056626
10029
10051
1056663
1056665
10077
10078
1056684
10093
2891
2895
1050923
3606
1051484
1061972
4009
1062049
1051530
1051532
1051544
3686
3694
1051556
3703
1051561
3720
3724
3729
3767
3771
1051618
3781
1051621
3788
3818
1051657
3824
3827
1051678
1051702
3881
3885
1051723
1051817
1051833
9908
1056549
9922
1056550
1056555
1056560
9942
1056573
1056580
9971
9973
9978
1056598
1056599
10021
10026
1056636
1056641
1056645
1056652
1056661
10065
10079
2893
1051288
1051478
1051480
16780
3651
1051525
3669
1051542
1051568
1051570
1051575
3743
1051591
3746
1051600
3780
1051633
1051636
3807
3830
3849
3869
1051704
1051711
1051717
3899
1051720
1051814
1051818
1056534
1056540
1056553
9946
1056647
1056658
10075
10094
2897
1050900
1050901
3631
